1010110110110111111010100010101001100111
1100111110100111011010101010101111100100
1000111110110011011111110000101101100110
1100111011100111011011100110101101101000
1010111011111111011011101010101010101011
1010111011110111111110100111101000100000
1100111011111111111111110010101111101001
1000111010100111011011000010101111100001
1010111011100111011011101000101110100101
1000111011110011011011100010101001100101
1000111011110111011111100110101001100000
1110111010110111111110110000101110100001
1010111011110111111111100001101001100101
1010111010110111111011110011101001100001
1000111011100011011011101110101111100000
1110111011100011011011101111101100101000
1010111011100011111010100111101111101100
1110111110100011111011100101101110100100
1010111011100011111011000111101000100111
1000100111101111111010110001101111000001
1010111110110111111111100010101011100001
1000101111110111011010110110101001100000
1010101111110111111010100000101110100111
1010111011111111011110000001101001100000
1010101011101011111011100010101010011111
1100111110100111011011100010101110100000
1000111011110111111011110110101110100010
1000101110110011011011010010101001100101
1000111010110011011111110010101011100111
1000101111110111011010110110101001100000
1000111111111011011111110010101101100111
1000111010110111011110111000101101100100
1111111111100011011011100110101111010100
